195289
389201
179278
195391
255320
232817
288629
124360
286246
180579
334460
359789
 73533
124665
346471
389281
302155
126958
213109
379686
360567
260331
172883
398898
179790
250143
163487
220399
137583
124954
147460
327946
251025
182789
358688
272449
224012
228821
 68434
273629
320458
269116
287143
253935
175373
322752
188193
350460
286351
151572
384094
289442
163579
104842
164994
389281
130367
265130
321458
288730
114455
334763
398304
299042
204381
392498
172694
358874
184381
277730
349188
302236
163479
125351
275356
138776
285849
209924
 73935
 78232
237518
356379
175283
245707
163080
247017
195997
192595
111654
391784
236221
110252
313973
373780
334484
122657
271049
100946
 85645
143063
144165
389176
204915
163678
281632
237607
266132
207299
231722
253832
171183
330658
368981
156980
285228
255713
343772
162173
357775
395509
212316
221193
174976
363260
189193
356549
149771
321953
232701
353790
226116
328564
137581
195693
210023
147992
249817
 91351
316842
118557
221216
269946
335977
132470
330750
130359
287624
152684
276344
138854
130975
229619
177894
152275
253819
268551
388300
384996
198208
 76342
264324
166982
247831
309560
301332
189997
357383
158583
207504
224298
313646
154375
331947
 94648
388692
174282
154194
195900
380397
232237
 96441
101354
102152
 84948
293155
398310
136854
276831
126465
100954
391381
305645
257533
145557
318259
366177
371381
283643
181691
280635
226420
344285
336752
346857
197803
160969
214400
298865
294830
270234
116850
 77143
291947
304662