31442
38394
 9743
10961
35528
23145
14965
19529
38921
17928
14968
19539
27878
15957
25532
18397
 7255
36433
32393
23282
28863
27236
13318
24123
33512
19622
30019
12436
34253
 8817
27029
28625
19596
16784
33461
19887
18058
33446
35363
33963
35979
 7353
10121
35786
22730
27897
19854
35215
 6754
18276
33516
 9814
12466
25507
37772
 9627
16938
 7755
34647
37641
24908
31939
25169
30578
36854
13743
38928
25366
38123
11609
27393
 9797
30216
12696
14925
21311
 9156
38774
30031
37092
38857
27929
37969
22516
11383
 7604
29377
26033
29979
27731
22852
38046
39788
17288
26569
24249
34642
 9655
15659
20809
39890
27317
32287
17979
22040
13168
37416
18707
36965
16753
15889
17649
25951
16349
21148
22040
16964
20545
25029
13758
12204
36085
23056
20889
34240
12495
14746
32795
20655
25479
25105
25103
29783
26314
18279
38642
26331
23821
17956
35869
13535
31744
27245
22401
26737
35891
35153
32322
34751
22882
36355
37473
28251
 6843
 9212
11508
32608
15425
27363
32046
25210
10431
26912
28714
30243
32072
25394
31448
 9532
37555
38987
14336
17537
29120
32275
36048
18819
26709
30277
35046
36953
33808
20274
17661
10518
30568
28635
15157
14284
38410
27527
14351
20525
28944
28017
 6630
26795
15703
 8451
16358
10484
14871
19424
19556
 9933
21723
28051
 6695
15477
26901
24804
18560
19017
28317
16499
25015
 7433
17914
11494
19810
38929
37087
19711
16902
33862
32604
17158
30302
10552
25106
13036
19167
18401
33414
14825
26513
32146
 7211
28873
36531
11445
15098
33477
39980
10062
26891
17525
39831
17010
29539
26870
21013
30026
29904
33957
23279
20438
28979
39250
26255
13833
21987
33523
14351
17269
35806
20397
14709
20676
 6763
12138
30117
11068
35888
35418
29292
18438
27773
34919
30224
18595
25128
11954
25687
19458
30987
16348
28715
24157
29028
10023
12535
27536
31794
13073
35336
26491
32621
13877
31672
23706
39757
35794
15845
12768
32201
37944
28431
12167
25236
18723
30579
28585
37134
20992
23808
17622
 7393
 7823
11336
24778
39444
28030
36344
23752
21622
 7351
23506
23534
35638
39570
17528
16652
23366
24571
12147
36483
35264
25570
39229
16308
31872
37273
13230
30089
30490
18997
20980
24702
19600
17281
37091
19259
15941
29461
11165
16339
29752
14620
 8285
21189
17860
39582
11058
19807
39943
24904
27830
39179
23622
10443
16564
22853
11025
36326
17960
27064
28315
15904
16746
 6001
39127
11624
31398
37378
16076
13502
33449
12265
27105
34172
39448
10094
25897
 8564
19576
30618
10916
15809
29799
 7582
14306
39456
39957
14416
29206
21814
31163
24933
37665
25603
25111
19713
35170
27444
38918
39933
10966
34814
20491
25335
23157
32200
16368
25255
39101
28163
 6532
23207
38091
25606
15094
23761
26613
32592
10103
20730
23627
25059
29327
19824
24697
23172
25383
15283
39972
30321
17118
34383
35134
19683
33066
31018
26609
29884
31494
17016
20629
28277
36898
37753
15698
35971
23470
 7365
28523
25571
20158
13438
34302
 6612
17954
38306
34378
 9181
36074
31009
15762
33913
38608
16217
34596
35778
39551
37281
35591
21232
18453
23198
36165
22119
17497
36326
26198
19007
22666
 6661
36864
18919
 9754
13194
35655
14977
32196
23270
15349
22612
32857
26308
15560
18704
13758
34204
19569
21002
11718
38602
31410
39512
31027
14799
30543
 9457
 9841
24982
 9135
27371
33823
 9227
25115
27846
20173
13355
31684
21224
27959
11855
33261
22122
26995
33598
20216
16132
22469
13247
37808
36436
 6842
30862
33075
 8711
13036
28763
21854
24387
28889
14469
38021
37371
 9562
38415
28741
15268
19711
35355
30069
18951
27634
32182
13885
32471
23875
26392
24690
26279
13097
23035
16640
 6711
21266
30670
12681
27694
22962
27546
17789
10598
15227
23356
38785
28802
 8745
11503
25382
39546
16083
11217
21326
26855
18981
38830
38500
19821
31856
18583
14683
36255
30544
32628
29310
39002
26766
 7634
13514
19557
38936
16909
28512
28929
26433
17915
16698
24783
15434
23955
16524
 7031
39766
17174
13317
28418
30956
20366
30133
23987
30913
38316
17815
15753
37492
19000
11823
 6811
 9301
 8352
37125
26264
23474
35739
24255
29062
20164
31849
34872
15409
12944
13468
23760
18327
10276
39575
15858
20750
34600
39333
30990
14695
22430
10173
31365
33721
11077
32917
15437
19525
16009
33242
33195
14177
 9464
18081
26034
20084
37384
18100
21984
34642
15645
38870
 9803
17428
30839
31315
 7772
31230
15419
33737
25341
16060
16845
19590
38040
23224
27628
10958
32309
 7431
26698
19630
19085
 9644
10135
34854
28952
16714
10021
11092
27300
25489
13743
10215
11646
22309
26439
 8454
38744
18857
 9327
37527
23248
16214
 8494
13684
 8746
36456
31081
29316
 9337
34331
39831
13685
22757
18267
27683
25597
19512
36947
12646
20106
 8622
 9753
33928
33092
10095
34825
36066
21063
28100
38142
37266
39139
34080
28386
18225
35771
30565
29263
13272
 7554
 8291
38952
29963
28312
25753
23859
18325
11867
 7506
14556
31826
36447
36618
34115
24330
10448
37138
33582
28364
39705
17430
23688
27857
26437
18169
16854
18121
11584
28064
12527
26291
22642
34429
27751
33676
34439
34686
15180
15433
34843
16557
15665
19780
16097
35194
 7204
32960
37693
 7650
21440
35573
33444
27328
29887
19951
 8615
 9482
20775
29483
21172
32105
27024
11685
39410
 7714
29195
 7213
20361
30466
15784
30389
24143
37323
11388