3144
3840
 974
1776
1096
3553
2314
1203
1496
1413
1953
3892
1793
1497
1954
2788
1295
1070
1596
2553
1840
1239
 725
3644
 662
3240
2328
2886
2724
1332
2412
3352
1962
3002
1243
3426
 881
2703
2863
1960
1678
3346
1989
1806
3345
3537
 902
3397
3598
 735
1012
3579
2273
2790
1985
3522
1178
 675
1827
3352
 981
1246
2551
3778
 868
1067
 962
1694
 775
3465
3764
2491
3194
3587
2517
3058
 746
3686
1374
3893
 652
2150
2537
3813
1161
2739
 979
3022
1269
1492
2131
 915
3878
3003
3710
3106
3886
2793
3797
3606
2252
1138
 760
2938
 980
2603
2998
1133
2773
2285
3805
3979
1442
1729
2657
2425
3465
 965
1566
2081
3989
2732
 853
3229
1798
2204
1317
3742
2501
1871
3697
1354
 666
1675
1589
1765
1400
2595
1635
2115
2204
1047
1696
2054
2503
1376
1220
3746
3609
2306
2089
3424
1249
1474
3280
2065
2548
2511
2510
2978
2631
1828
3865
2959
2633
2382
 624
1796
3587
1353
3175
2725
2240
2674
3589
3516
3232
3475
3700
2288
3636
3748
 602
2825
 684
2104
 921
1151
3512
3261
1542
2736
3205
2521
1043
2691
2872
3025
3207
2128
2539
3145
 953
3756
1131
3899
1433
1754
 870
2912
3228
3605
1882
2671
3028
3505
3696
 629
3381
2027
1064
1766
1051
3057
2864
1515
1428
1771
3841
1431
2753
1435
2052
 702
2895
2802
1303
 663
2680
1570
 845
1636
1912
1048
1487
 642
1942
1956
 993
2172
2805
 669
1548
1781
2690
1452
2480
1856
1902
2832
1650
2502
 750
 743
1791
1435
1149
1981
3893
3709
1971
1690
3387
3261
1716
1963
3030
1055
2511
1303
 931
1917
1840
3342
1482
2651
2813
3215
1790
 721
2887
3653
1144
1510
3348
3998
1006
 943
2689
1752
3984
1701
2954
2687
2101
3003
 611
2991
3396
2328
2044
2898
3925
2626
1383
2199
3353
1435
1727
3581
2040
1471
3532
2068
 676
1214
3012
1106
3589
 756
3542
2929
1844
2777
3492
1214
3023
1859
2513
1195
2569
1946
3099
1635
2872
2416
 832
 736
 629
2903
1002
1253
2754
3180
1307
3534
2649
3262
1387
3167
2371
3976
3580
1584
1277
3220
3795
2843
1216
2524
1872
1913
3058
2859
 609
3714
1052
2099
2334
2381
1762
1710
 739
 782
1116
3357
1133
2478
3945
2803
3635
2375
2162
 735
2351
2353
3564
3957
1753
 808
1665
2337
2457
1214
3649
3527
2557
3923
1631
3187
3728
1323
3009
3049
1900
2098
2470
1960
1728
3709
1926
1594
2946
1116
1634
2975
1462
 828
2119
1786
 988
3959
1105
1981
3995
2490
2783
3918
 869
2362
1044
1656
2285
1102
3633
1872
1796
2707
2832
1590
1674
 600
 723
3913
1162
3140
3738
1028
1607
1350
3345
1226
2711
3417
3945
1009
2590
 856
3073
1957
3062
1091
1581
2980
 758
1430
3946
3996
1441
 638
2921
2181
3117
3540
2493
3767
2560
2511
1971
3517
2745
3892
3994
1096
3482
2049
2534
2316
3220
1678
1637
2526
3910
2816
 653
2321
3809
2561
1509
2376
2661
3259
1010
2073
1171
1354
2363
2506
2933
2652
1982
2470
2317
2538
1528
1715
3998
3032
1712
3439
1796
3514
1968
3307
 857
3102
2661
2989
3150
1701
 787
2063
3461
2828
3690
3776
1570
3597
2347
 736
2852
2557
2016
1344
3430
 661
1795
3831
3374
3438
 918
3608
3101
1576
1434
3392
3861
1622
 745
3460
 672
3578
3956
3729
3559
2123
1845
2320
3617
2212
1750
3633
2620
2898
1901
2267
 666
3687
1892
 975
1046
1319
3566
1027
1497
3220
3700
2327
3966
3538
1535
2261
3286
2631
1556
1870
1376
3421
1957
2100
1172
3861
3141
3952
 998
3103
1480
1787
3055
1357
 944
 945
1177
1006
 984
2498
 913
2737
3383
1520
 922
2512
2785
2017
1335
3169
2122
2796
1185
3326
2212
2700
3360
2022
1613
2247
2831
1324
3781
3644
 684
2392
3086
3308
 871
1303
 630
2876
 993
2185
2439
2889
3138
1447
3802
 759
3738
 956
3842
2874
1527
1971
3536
3007
1895
2764
3218
1388
3247
2388
 826
2639
2469
 835
 743
2628
1309
2304
1664
 671
2127
1725
2174
3067
1653
1268
2770
2798
2296
2755
1779
3570
3974
1059
2835
1523
2336
3879
2880
 874
1150
1415
1591
2538
3955
1608
1121
2133
2686
1898
1186
3883
3850
1982
3186
1858
1468
3626
3055
3263
2931
3901
1756
3753
3167
2677
 763
1351
1956
3894
1691
2851
2893
2643
1791
1670
2478
1543
2396
2089
1652
 703
2251
3977
1717
3127
1331
2842
3096
2037
3014
2399
3092
3832
1781
1575
 605
3750
1900
1182
 942
1847
 681
 930
 835
3713
2627
2347
3574
2426
2906
2016
3185
3488
1541
1294
1347
2376
1833
1027
 647
3958
1586
3732
2075
3460
3934
 840
3099
1469
2243
1160
1017
3137
3372
1107
3292
1544
1952
1601
3325
3320
 859
1418
 946
1808
2603
2008
3739
1810
2198
3464
1564
3887
 980
1192
1743
3084
 600
3132
 777
1171
3123
1542
3374
2534
1606
1684
1959
1096
3804
2322
2763
1095
3231
 743
2670
 756
1963
1908
 964
1013
3486
2895
1671
1002
1351
1109
2730
2549
1374
1021
1164
1163
2231
2644
 845
3875
 755
1886
 932
1505
3753
2325
1621
 849
1368
 874
3646
3108
 793
2932
 933
3433
3984
1368
2276
1827
2768
2560
1256
1951
3695
1264
2011
3824
 862
 975
3393
3309
1009
3483
3607
2106
2810
3815
3727
3914
3408
2839
1822
3577
3057
2926
1327
 755
 829
3896
2996
2831
2575
2386
1832
1186
 750
1455
3183
3645
1878
3662
3412
2433
1044
3714
3358
2837
3971
 775
1743
2369
2786
2644
1817
1685
1812
1158
2806
1605
1252
 858
2629
2264
3443
2775
3368
3444
1135
3469
1518
1543
3485
1656
1566
1978
1967
1609
3520
 720
3296
3770
 765
2144
3558
3345
2733
 932
2989
 853
1995
 861
 948
2077
2948
2117
3211
2702
1168
3941
 751
 771
 937
2920
 721
2036
3047
1578
3039
2414
3733
1138