3449516 1 428
3449516 1 428
3449516 1 428
3449516 1 428
3449516 1 428
3449517 1 423
3449517 1 423
3449517 1 423
3449517 1 423
3449517 1 423
3449518 1 480
3449518 1 480
3449518 1 480
3449518 1 480
3449518 1 480
3449519 1 487
3449519 1 487
3449519 1 487
3449519 1 487
3449519 1 487
3449520 1 472
3449520 1 472
3449520 1 472
3449520 1 472
3449520 1 472
3449521 1 488
3449521 1 488
3449521 1 488
3449521 1 488
3449521 1 488
3449522 1 341
3449522 1 341
3449522 1 341
3449522 1 341
3449522 1 341
3449523 1 400
3449523 1 400
3449523 1 400
3449523 1 400
3449523 1 400
3449524 1 422
3449524 1 422
3449524 1 422
3449524 1 422
3449524 1 422
3449525 1 490
3449525 1 490
3449525 1 490
3449525 1 490
3449525 1 490
3449526 1 355
3449526 1 355
3449526 1 355
3449526 1 355
3449526 1 355
3449527 1 425
3449527 1 425
3449527 1 425
3449527 1 425
3449527 1 425
3449528 1 439
3449528 1 439
3449528 1 439
3449528 1 439
3449528 1 439
3449529 1 421
3449529 1 421
3449529 1 421
3449529 1 421
3449529 1 421
3449530 1 360
3449530 1 360
3449530 1 360
3449530 1 360
3449530 1 360
3449531 1 205
3449531 1 205
3449531 1 205
3449531 1 205
3449531 1 205
3449532 1 398
3449532 1 398
3449532 1 398
3449532 1 398
3449532 1 398
3449533 1 228
3449533 1 228
3449533 1 228
3449533 1 228
3449533 1 228
3449534 1 336
3449534 1 336
3449534 1 336
3449534 1 336
3449534 1 336
3449535 1 463
3449535 1 463
3449535 1 463
3449535 1 463
3449535 1 463
3449536 1 311
3449536 1 311
3449536 1 311
3449536 1 311
3449536 1 311
3449537 1 298
3449537 1 298
3449537 1 298
3449537 1 298
3449537 1 298
3449538 1 377
3449538 1 377
3449538 1 377
3449538 1 377
3449538 1 377
3449539 1 284
3449539 1 284
3449539 1 284
3449539 1 284
3449539 1 284
3449540 1 261
3449540 1 261
3449540 1 261
3449540 1 261
3449540 1 261
3449541 1 387
3449541 1 387
3449541 1 387
3449541 1 387
3449541 1 387
3449542 1 351
3449542 1 351
3449542 1 351
3449542 1 351
3449542 1 351
3449543 1 256
3449543 1 256
3449543 1 256
3449543 1 256
3449543 1 256
3449544 1 368
3449544 1 368
3449544 1 368
3449544 1 368
3449544 1 368
3449545 1 348
3449545 1 348
3449545 1 348
3449545 1 348
3449545 1 348
3449546 1 254
3449546 1 254
3449546 1 254
3449546 1 254
3449546 1 254
3449547 1 370
3449547 1 370
3449547 1 370
3449547 1 370
3449547 1 370
3449548 1 362
3449548 1 362
3449548 1 362
3449548 1 362
3449548 1 362
3449549 1 385
3449549 1 385
3449549 1 385
3449549 1 385
3449549 1 385
3449550 1 338
3449550 1 338
3449550 1 338
3449550 1 338
3449550 1 338
3449551 1 404
3449551 1 404
3449551 1 404
3449551 1 404
3449551 1 404
3449552 1 353
3449552 1 353
3449552 1 353
3449552 1 353
3449552 1 353
3449553 1 408
3449553 1 408
3449553 1 408
3449553 1 408
3449553 1 408
3449554 1 422
3449554 1 422
3449554 1 422
3449554 1 422
3449554 1 422
3449555 1 400
3449555 1 400
3449555 1 400
3449555 1 400
3449555 1 400
3449556 1 306
3449556 1 306
3449556 1 306
3449556 1 306
3449556 1 306
3449557 1 381
3449557 1 381
3449557 1 381
3449557 1 381
3449557 1 381
3449558 1 447
3449558 1 447
3449558 1 447
3449558 1 447
3449558 1 447
3449559 1 383
3449559 1 383
3449559 1 383
3449559 1 383
3449559 1 383
3449560 1 366
3449560 1 366
3449560 1 366
3449560 1 366
3449560 1 366
3449561 1 471
3449561 1 471
3449561 1 471
3449561 1 471
3449561 1 471
3449562 1 420
3449562 1 420
3449562 1 420
3449562 1 420
3449562 1 420
3449563 1 429
3449563 1 429
3449563 1 429
3449563 1 429
3449563 1 429
3449564 1 438
3449564 1 438
3449564 1 438
3449564 1 438
3449564 1 438
3449565 1 425
3449565 1 425
3449565 1 425
3449565 1 425
3449565 1 425
3449566 1 488
3449566 1 488
3449566 1 488
3449566 1 488
3449566 1 488
3449567 1 447
3449567 1 447
3449567 1 447
3449567 1 447
3449567 1 447
3449568 1 503
3449568 1 503
3449568 1 503
3449568 1 503
3449568 1 503
3449569 1 321
3449569 1 321
3449569 1 321
3449569 1 321
3449569 1 321
3449570 1 496
3449570 1 496
3449570 1 496
3449570 1 496
3449570 1 496
3449571 1 480
3449571 1 480
3449571 1 480
3449571 1 480
3449571 1 480
3449572 1 419
3449572 1 419
3449572 1 419
3449572 1 419
3449572 1 419
3449573 1 436
3449573 1 436
3449573 1 436
3449573 1 436
3449573 1 436
3449574 1 393
3449574 1 393
3449574 1 393
3449574 1 393
3449574 1 393
3449575 1 372
3449575 1 372
3449575 1 372
3449575 1 372
3449575 1 372
3449576 1 372
3449576 1 372
3449576 1 372
3449576 1 372
3449576 1 372
3449577 1 450
3449577 1 450
3449577 1 450
3449577 1 450
3449577 1 450
3449578 1 370
3449578 1 370
3449578 1 370
3449578 1 370
3449578 1 370
3449579 1 415
3449579 1 415
3449579 1 415
3449579 1 415
3449579 1 415
3449580 1 391
3449580 1 391
3449580 1 391
3449580 1 391
3449580 1 391
3449581 1 399
3449581 1 399
3449581 1 399
3449581 1 399
3449581 1 399
3449582 1 391
3449582 1 391
3449582 1 391
3449582 1 391
3449582 1 391
3449583 1 301
3449583 1 301
3449583 1 301
3449583 1 301
3449583 1 301
3449584 1 355
3449584 1 355
3449584 1 355
3449584 1 355
3449584 1 355
3449585 1 489
3449585 1 489
3449585 1 489
3449585 1 489
3449585 1 489
3449586 1 467
3449586 1 467
3449586 1 467
3449586 1 467
3449586 1 467
3449587 1 315
3449587 1 315
3449587 1 315
3449587 1 315
3449587 1 315
3449588 1 452
3449588 1 452
3449588 1 452
3449588 1 452
3449588 1 452
3449589 1 399
3449589 1 399
3449589 1 399
3449589 1 399
3449589 1 399
3449590 1 465
3449590 1 465
3449590 1 465
3449590 1 465
3449590 1 465
3449591 1 410
3449591 1 410
3449591 1 410
3449591 1 410
3449591 1 410
3449592 1 367
3449592 1 367
3449592 1 367
3449592 1 367
3449592 1 367
3449593 1 440
3449593 1 440
3449593 1 440
3449593 1 440
3449593 1 440
3449594 1 502
3449594 1 502
3449594 1 502
3449594 1 502
3449594 1 502
3449595 1 327
3449595 1 327
3449595 1 327
3449595 1 327
3449595 1 327
3449596 1 428
3449596 1 428
3449596 1 428
3449596 1 428
3449596 1 428
3449597 1 367
3449597 1 367
3449597 1 367
3449597 1 367
3449597 1 367
3449598 1 313
3449598 1 313
3449598 1 313
3449598 1 313
3449598 1 313
3449599 1 441
3449599 1 441
3449599 1 441
3449599 1 441
3449599 1 441
3449600 1 441
3449600 1 441
3449600 1 441
3449600 1 441
3449600 1 441
3449601 1 371
3449601 1 371
3449601 1 371
3449601 1 371
3449601 1 371
3449602 1 384
3449602 1 384
3449602 1 384
3449602 1 384
3449602 1 384
3449603 1 350
3449603 1 350
3449603 1 350
3449603 1 350
3449603 1 350
3449604 1 438
3449604 1 438
3449604 1 438
3449604 1 438
3449604 1 438
3449605 1 426
3449605 1 426
3449605 1 426
3449605 1 426
3449605 1 426
3449606 1 260
3449606 1 260
3449606 1 260
3449606 1 260
3449606 1 260
3449607 1 370
3449607 1 370
3449607 1 370
3449607 1 370
3449607 1 370
3449608 1 441
3449608 1 441
3449608 1 441
3449608 1 441
3449608 1 441
3449609 1 295
3449609 1 295
3449609 1 295
3449609 1 295
3449609 1 295
3449610 1 444
3449610 1 444
3449610 1 444
3449610 1 444
3449610 1 444
3449611 1 390
3449611 1 390
3449611 1 390
3449611 1 390
3449611 1 390
3449612 1 436
3449612 1 436
3449612 1 436
3449612 1 436
3449612 1 436
3449613 1 432
3449613 1 432
3449613 1 432
3449613 1 432
3449613 1 432
3449614 1 484
3449614 1 484
3449614 1 484
3449614 1 484
3449614 1 484
3449615 1 494
3449615 1 494
3449615 1 494
3449615 1 494
3449615 1 494
3449616 1 380
3449616 1 380
3449616 1 380
3449616 1 380
3449616 1 380
3449617 1 407
3449617 1 407
3449617 1 407
3449617 1 407
3449617 1 407
3449618 1 420
3449618 1 420
3449618 1 420
3449618 1 420
3449618 1 420
3449619 1 391
3449619 1 391
3449619 1 391
3449619 1 391
3449619 1 391
3449620 1 416
3449620 1 416
3449620 1 416
3449620 1 416
3449620 1 416
3449621 1 366
3449621 1 366
3449621 1 366
3449621 1 366
3449621 1 366
3449622 1 442
3449622 1 442
3449622 1 442
3449622 1 442
3449622 1 442
3449623 1 377
3449623 1 377
3449623 1 377
3449623 1 377
3449623 1 377
3449624 1 421
3449624 1 421
3449624 1 421
3449624 1 421
3449624 1 421
3449625 1 369
3449625 1 369
3449625 1 369
3449625 1 369
3449625 1 369
3449626 1 280
3449626 1 280
3449626 1 280
3449626 1 280
3449626 1 280
3449627 1 314
3449627 1 314
3449627 1 314
3449627 1 314
3449627 1 314
3449628 1 286
3449628 1 286
3449628 1 286
3449628 1 286
3449628 1 286
3449629 1 427
3449629 1 427
3449629 1 427
3449629 1 427
3449629 1 427
3449630 1 305
3449630 1 305
3449630 1 305
3449630 1 305
3449630 1 305
3449631 1 372
3449631 1 372
3449631 1 372
3449631 1 372
3449631 1 372
3449632 1 375
3449632 1 375
3449632 1 375
3449632 1 375
3449632 1 375
3449633 1 425
3449633 1 425
3449633 1 425
3449633 1 425
3449633 1 425
3449634 1 426
3449634 1 426
3449634 1 426
3449634 1 426
3449634 1 426
3449635 1 429
3449635 1 429
3449635 1 429
3449635 1 429
3449635 1 429
3449636 1 242
3449636 1 242
3449636 1 242
3449636 1 242
3449636 1 242
3449637 1 420
3449637 1 420
3449637 1 420
3449637 1 420
3449637 1 420
3449638 1 363
3449638 1 363
3449638 1 363
3449638 1 363
3449638 1 363
3449639 1 485
3449639 1 485
3449639 1 485
3449639 1 485
3449639 1 485
3449640 1 456
3449640 1 456
3449640 1 456
3449640 1 456
3449640 1 456
3449641 1 385
3449641 1 385
3449641 1 385
3449641 1 385
3449641 1 385
3449642 1 475
3449642 1 475
3449642 1 475
3449642 1 475
3449642 1 475
3449643 1 463
3449643 1 463
3449643 1 463
3449643 1 463
3449643 1 463
3449644 1 394
3449644 1 394
3449644 1 394
3449644 1 394
3449644 1 394
3449645 1 464
3449645 1 464
3449645 1 464
3449645 1 464
3449645 1 464
3449646 1 478
3449646 1 478
3449646 1 478
3449646 1 478
3449646 1 478
3449647 1 300
3449647 1 300
3449647 1 300
3449647 1 300
3449647 1 300
3449648 1 343
3449648 1 343
3449648 1 343
3449648 1 343
3449648 1 343
3449649 1 225
3449649 1 225
3449649 1 225
3449649 1 225
3449649 1 225
3449650 1 242
3449650 1 242
3449650 1 242
3449650 1 242
3449650 1 242
3449651 1 374
3449651 1 374
3449651 1 374
3449651 1 374
3449651 1 374
3449652 1 378
3449652 1 378
3449652 1 378
3449652 1 378
3449652 1 378
3449653 1 432
3449653 1 432
3449653 1 432
3449653 1 432
3449653 1 432
3449654 1 423
3449654 1 423
3449654 1 423
3449654 1 423
3449654 1 423
3449655 1 443
3449655 1 443
3449655 1 443
3449655 1 443
3449655 1 443
3449656 1 485
3449656 1 485
3449656 1 485
3449656 1 485
3449656 1 485
3449657 1 451
3449657 1 451
3449657 1 451
3449657 1 451
3449657 1 451
3449658 1 386
3449658 1 386
3449658 1 386
3449658 1 386
3449658 1 386
3449659 1 369
3449659 1 369
3449659 1 369
3449659 1 369
3449659 1 369
3449660 1 425
3449660 1 425
3449660 1 425
3449660 1 425
3449660 1 425
3449661 1 434
3449661 1 434
3449661 1 434
3449661 1 434
3449661 1 434
3449662 1 335
3449662 1 335
3449662 1 335
3449662 1 335
3449662 1 335
3449663 1 303
3449663 1 303
3449663 1 303
3449663 1 303
3449663 1 303
3449664 1 360
3449664 1 360
3449664 1 360
3449664 1 360
3449664 1 360
3449665 1 335
3449665 1 335
3449665 1 335
3449665 1 335
3449665 1 335
3449666 1 411
3449666 1 411
3449666 1 411
3449666 1 411
3449666 1 411
3449667 1 308
3449667 1 308
3449667 1 308
3449667 1 308
3449667 1 308
3449668 1 241
3449668 1 241
3449668 1 241
3449668 1 241
3449668 1 241
3449669 1 331
3449669 1 331
3449669 1 331
3449669 1 331
3449669 1 331
3449670 1 309
3449670 1 309
3449670 1 309
3449670 1 309
3449670 1 309
3449671 1 503
3449671 1 503
3449671 1 503
3449671 1 503
3449671 1 503
3449672 1 399
3449672 1 399
3449672 1 399
3449672 1 399
3449672 1 399
3449673 1 340
3449673 1 340
3449673 1 340
3449673 1 340
3449673 1 340
3449674 1 333
3449674 1 333
3449674 1 333
3449674 1 333
3449674 1 333
3449675 1 414
3449675 1 414
3449675 1 414
3449675 1 414
3449675 1 414
3449676 1 458
3449676 1 458
3449676 1 458
3449676 1 458
3449676 1 458
3449677 1 512
3449677 1 512
3449677 1 512
3449677 1 512
3449677 1 512
3449678 1 421
3449678 1 421
3449678 1 421
3449678 1 421
3449678 1 421
3449679 1 467
3449679 1 467
3449679 1 467
3449679 1 467
3449679 1 467
3449680 1 495
3449680 1 495
3449680 1 495
3449680 1 495
3449680 1 495
3449681 1 495
3449681 1 495
3449681 1 495
3449681 1 495
3449681 1 495
3449682 1 473
3449682 1 473
3449682 1 473
3449682 1 473
3449682 1 473
3449683 1 485
3449683 1 485
3449683 1 485
3449683 1 485
3449683 1 485
3449684 1 477
3449684 1 477
3449684 1 477
3449684 1 477
3449684 1 477
3449685 1 506
3449685 1 506
3449685 1 506
3449685 1 506
3449685 1 506
3449686 1 514
3449686 1 514
3449686 1 514
3449686 1 514
3449686 1 514
3449687 1 483
3449687 1 483
3449687 1 483
3449687 1 483
3449687 1 483
3449688 1 390
3449688 1 390
3449688 1 390
3449688 1 390
3449688 1 390
3449689 1 415
3449689 1 415
3449689 1 415
3449689 1 415
3449689 1 415
3449690 1 510
3449690 1 510
3449690 1 510
3449690 1 510
3449690 1 510
3449691 1 464
3449691 1 464
3449691 1 464
3449691 1 464
3449691 1 464
3449692 1 509
3449692 1 509
3449692 1 509
3449692 1 509
3449692 1 509
3449693 1 422
3449693 1 422
3449693 1 422
3449693 1 422
3449693 1 422
3449694 1 465
3449694 1 465
3449694 1 465
3449694 1 465
3449694 1 465
3449695 1 370
3449695 1 370
3449695 1 370
3449695 1 370
3449695 1 370
3449696 1 390
3449696 1 390
3449696 1 390
3449696 1 390
3449696 1 390
3449697 1 470
3449697 1 470
3449697 1 470
3449697 1 470
3449697 1 470
3449698 1 387
3449698 1 387
3449698 1 387
3449698 1 387
3449698 1 387
3449699 1 390
3449699 1 390
3449699 1 390
3449699 1 390
3449699 1 390
3449700 1 389
3449700 1 389
3449700 1 389
3449700 1 389
3449700 1 389
3449701 1 411
3449701 1 411
3449701 1 411
3449701 1 411
3449701 1 411
3449702 1 501
3449702 1 501
3449702 1 501
3449702 1 501
3449702 1 501
3449703 1 446
3449703 1 446
3449703 1 446
3449703 1 446
3449703 1 446
3449704 1 449
3449704 1 449
3449704 1 449
3449704 1 449
3449704 1 449
3449705 1 327
3449705 1 327
3449705 1 327
3449705 1 327
3449705 1 327
3449706 1 449
3449706 1 449
3449706 1 449
3449706 1 449
3449706 1 449
3449707 1 498
3449707 1 498
3449707 1 498
3449707 1 498
3449707 1 498
3449708 1 325
3449708 1 325
3449708 1 325
3449708 1 325
3449708 1 325
3449709 1 513
3449709 1 513
3449709 1 513
3449709 1 513
3449709 1 513
3449710 1 489
3449710 1 489
3449710 1 489
3449710 1 489
3449710 1 489
3449711 1 530
3449711 1 530
3449711 1 530
3449711 1 530
3449711 1 530
3449712 1 450
3449712 1 450
3449712 1 450
3449712 1 450
3449712 1 450
3449713 1 448
3449713 1 448
3449713 1 448
3449713 1 448
3449713 1 448
3449714 1 428
3449714 1 428
3449714 1 428
3449714 1 428
3449714 1 428
3449715 1 614
3449715 1 614
3449715 1 614
3449715 1 614
3449715 1 614
